ILLINOIS = 1.0587396098110435
DISTRICT OF COLUMBIA = 1.1447503268897763
DELAWARE = 1.0626439771122835
WEST VIRGINIA = 1.0817203227723509
MARYLAND = 1.0621588832568312