X = -122.38632
Y = 47.58208
Z = 101.45